{
 "cells": [
  {
   "cell_type": "code",
   "execution_count": 2,
   "metadata": {},
   "outputs": [],
   "source": [
    "import pandas as pd\n",
    "import numpy as np\n",
    "import time\n",
    "import requests\n",
    "from IPython.display import Image\n",
    "from tsp_solver.greedy import solve_tsp\n",
    "\n",
    "apiKey = '' # api key goes here"
   ]
  },
  {
   "cell_type": "code",
   "execution_count": 3,
   "metadata": {},
   "outputs": [
    {
     "data": {
      "text/html": [
       "<div>\n",
       "<style scoped>\n",
       "    .dataframe tbody tr th:only-of-type {\n",
       "        vertical-align: middle;\n",
       "    }\n",
       "\n",
       "    .dataframe tbody tr th {\n",
       "        vertical-align: top;\n",
       "    }\n",
       "\n",
       "    .dataframe thead th {\n",
       "        text-align: right;\n",
       "    }\n",
       "</style>\n",
       "<table border=\"1\" class=\"dataframe\">\n",
       "  <thead>\n",
       "    <tr style=\"text-align: right;\">\n",
       "      <th></th>\n",
       "      <th>address</th>\n",
       "    </tr>\n",
       "  </thead>\n",
       "  <tbody>\n",
       "    <tr>\n",
       "      <th>0</th>\n",
       "      <td>3960 N BROOKFIELD RD Brookfield, WI 53045</td>\n",
       "    </tr>\n",
       "    <tr>\n",
       "      <th>1</th>\n",
       "      <td>7610 W RAWSON AVE Franklin, WI 53132</td>\n",
       "    </tr>\n",
       "    <tr>\n",
       "      <th>2</th>\n",
       "      <td>1150 GREEN BAY RD Kenosha, WI 53144</td>\n",
       "    </tr>\n",
       "    <tr>\n",
       "      <th>3</th>\n",
       "      <td>2201 S PARK ST Madison, WI 53713</td>\n",
       "    </tr>\n",
       "    <tr>\n",
       "      <th>4</th>\n",
       "      <td>673 STATE ST Madison, WI 53703</td>\n",
       "    </tr>\n",
       "    <tr>\n",
       "      <th>5</th>\n",
       "      <td>1401 REGENT ST Madison, WI 53711</td>\n",
       "    </tr>\n",
       "    <tr>\n",
       "      <th>6</th>\n",
       "      <td>2703 W BELTLINE HWY Madison, WI 53713</td>\n",
       "    </tr>\n",
       "    <tr>\n",
       "      <th>7</th>\n",
       "      <td>2216 UNIVERSITY AVE Madison, WI 53726</td>\n",
       "    </tr>\n",
       "    <tr>\n",
       "      <th>8</th>\n",
       "      <td>1624 W WELLS ST Milwaukee, WI 53233</td>\n",
       "    </tr>\n",
       "    <tr>\n",
       "      <th>9</th>\n",
       "      <td>1609 E NORTH AVE Milwaukee, WI 53202</td>\n",
       "    </tr>\n",
       "    <tr>\n",
       "      <th>10</th>\n",
       "      <td>3301 N OAKLAND AVE Milwaukee, WI 53211</td>\n",
       "    </tr>\n",
       "    <tr>\n",
       "      <th>11</th>\n",
       "      <td>15551 W CLEVELAND AVE New Berlin, WI 53151</td>\n",
       "    </tr>\n",
       "    <tr>\n",
       "      <th>12</th>\n",
       "      <td>1225 W RAWSON AVE Oak Creek, WI 53154</td>\n",
       "    </tr>\n",
       "    <tr>\n",
       "      <th>13</th>\n",
       "      <td>N49 W35964 WISCONSIN AVE Oconomowoc, WI 53066</td>\n",
       "    </tr>\n",
       "    <tr>\n",
       "      <th>14</th>\n",
       "      <td>21350 CAPITOL DR Pewaukee, WI 53072</td>\n",
       "    </tr>\n",
       "    <tr>\n",
       "      <th>15</th>\n",
       "      <td>24925 SILVER SPRING DR Sussex, WI 53089</td>\n",
       "    </tr>\n",
       "  </tbody>\n",
       "</table>\n",
       "</div>"
      ],
      "text/plain": [
       "                                          address\n",
       "0       3960 N BROOKFIELD RD Brookfield, WI 53045\n",
       "1            7610 W RAWSON AVE Franklin, WI 53132\n",
       "2             1150 GREEN BAY RD Kenosha, WI 53144\n",
       "3                2201 S PARK ST Madison, WI 53713\n",
       "4                  673 STATE ST Madison, WI 53703\n",
       "5                1401 REGENT ST Madison, WI 53711\n",
       "6           2703 W BELTLINE HWY Madison, WI 53713\n",
       "7           2216 UNIVERSITY AVE Madison, WI 53726\n",
       "8             1624 W WELLS ST Milwaukee, WI 53233\n",
       "9            1609 E NORTH AVE Milwaukee, WI 53202\n",
       "10         3301 N OAKLAND AVE Milwaukee, WI 53211\n",
       "11     15551 W CLEVELAND AVE New Berlin, WI 53151\n",
       "12          1225 W RAWSON AVE Oak Creek, WI 53154\n",
       "13  N49 W35964 WISCONSIN AVE Oconomowoc, WI 53066\n",
       "14            21350 CAPITOL DR Pewaukee, WI 53072\n",
       "15        24925 SILVER SPRING DR Sussex, WI 53089"
      ]
     },
     "execution_count": 3,
     "metadata": {},
     "output_type": "execute_result"
    }
   ],
   "source": [
    "loc = [\n",
    "    '3960 N BROOKFIELD RD Brookfield, WI 53045',\n",
    "    '7610 W RAWSON AVE Franklin, WI 53132',\n",
    "    '1150 GREEN BAY RD Kenosha, WI 53144',\n",
    "    '2201 S PARK ST Madison, WI 53713',\n",
    "    '673 STATE ST Madison, WI 53703',\n",
    "    '1401 REGENT ST Madison, WI 53711',\n",
    "    '2703 W BELTLINE HWY Madison, WI 53713',\n",
    "    '2216 UNIVERSITY AVE Madison, WI 53726',\n",
    "    '1624 W WELLS ST Milwaukee, WI 53233',\n",
    "    '1609 E NORTH AVE Milwaukee, WI 53202',\n",
    "    '3301 N OAKLAND AVE Milwaukee, WI 53211',\n",
    "    '15551 W CLEVELAND AVE New Berlin, WI 53151',\n",
    "    '1225 W RAWSON AVE Oak Creek, WI 53154',\n",
    "    'N49 W35964 WISCONSIN AVE Oconomowoc, WI 53066',\n",
    "    '21350 CAPITOL DR Pewaukee, WI 53072',\n",
    "    '24925 SILVER SPRING DR Sussex, WI 53089'\n",
    "]\n",
    "locations = pd.DataFrame({'address': loc})\n",
    "numLoc = len(locations.index)\n",
    "locations"
   ]
  },
  {
   "cell_type": "code",
   "execution_count": 4,
   "metadata": {},
   "outputs": [],
   "source": [
    "def getLatLng(loc):\n",
    "    time.sleep(.1)\n",
    "\n",
    "    base = \"https://maps.googleapis.com/maps/api/geocode/json?\"\n",
    "    params = \"address={address}&key={key}\".format(\n",
    "        address=loc,\n",
    "        key=apiKey\n",
    "    )\n",
    "    url = \"{base}{params}\".format(base=base, params=params)\n",
    "    response = requests.get(url)\n",
    "    ll = response.json()['results'][0]['geometry']['location']\n",
    "    return str(ll['lat']) + ', ' + str(ll['lng'])\n"
   ]
  },
  {
   "cell_type": "code",
   "execution_count": 5,
   "metadata": {},
   "outputs": [
    {
     "data": {
      "text/html": [
       "<div>\n",
       "<style scoped>\n",
       "    .dataframe tbody tr th:only-of-type {\n",
       "        vertical-align: middle;\n",
       "    }\n",
       "\n",
       "    .dataframe tbody tr th {\n",
       "        vertical-align: top;\n",
       "    }\n",
       "\n",
       "    .dataframe thead th {\n",
       "        text-align: right;\n",
       "    }\n",
       "</style>\n",
       "<table border=\"1\" class=\"dataframe\">\n",
       "  <thead>\n",
       "    <tr style=\"text-align: right;\">\n",
       "      <th></th>\n",
       "      <th>address</th>\n",
       "      <th>lat_lng</th>\n",
       "    </tr>\n",
       "  </thead>\n",
       "  <tbody>\n",
       "    <tr>\n",
       "      <th>0</th>\n",
       "      <td>3960 N BROOKFIELD RD Brookfield, WI 53045</td>\n",
       "      <td>43.0901595, -88.1455139</td>\n",
       "    </tr>\n",
       "    <tr>\n",
       "      <th>1</th>\n",
       "      <td>7610 W RAWSON AVE Franklin, WI 53132</td>\n",
       "      <td>42.9166669, -88.00997389999999</td>\n",
       "    </tr>\n",
       "    <tr>\n",
       "      <th>2</th>\n",
       "      <td>1150 GREEN BAY RD Kenosha, WI 53144</td>\n",
       "      <td>42.64031, -87.87736740000001</td>\n",
       "    </tr>\n",
       "    <tr>\n",
       "      <th>3</th>\n",
       "      <td>2201 S PARK ST Madison, WI 53713</td>\n",
       "      <td>43.0414708, -89.3936785</td>\n",
       "    </tr>\n",
       "    <tr>\n",
       "      <th>4</th>\n",
       "      <td>673 STATE ST Madison, WI 53703</td>\n",
       "      <td>43.0747822, -89.39720129999999</td>\n",
       "    </tr>\n",
       "    <tr>\n",
       "      <th>5</th>\n",
       "      <td>1401 REGENT ST Madison, WI 53711</td>\n",
       "      <td>43.0674549, -89.409336</td>\n",
       "    </tr>\n",
       "    <tr>\n",
       "      <th>6</th>\n",
       "      <td>2703 W BELTLINE HWY Madison, WI 53713</td>\n",
       "      <td>43.0347632, -89.4233364</td>\n",
       "    </tr>\n",
       "    <tr>\n",
       "      <th>7</th>\n",
       "      <td>2216 UNIVERSITY AVE Madison, WI 53726</td>\n",
       "      <td>43.0728655, -89.42489549999999</td>\n",
       "    </tr>\n",
       "    <tr>\n",
       "      <th>8</th>\n",
       "      <td>1624 W WELLS ST Milwaukee, WI 53233</td>\n",
       "      <td>43.0404381, -87.93394660000001</td>\n",
       "    </tr>\n",
       "    <tr>\n",
       "      <th>9</th>\n",
       "      <td>1609 E NORTH AVE Milwaukee, WI 53202</td>\n",
       "      <td>43.0598103, -87.8900283</td>\n",
       "    </tr>\n",
       "    <tr>\n",
       "      <th>10</th>\n",
       "      <td>3301 N OAKLAND AVE Milwaukee, WI 53211</td>\n",
       "      <td>43.0778541, -87.888241</td>\n",
       "    </tr>\n",
       "    <tr>\n",
       "      <th>11</th>\n",
       "      <td>15551 W CLEVELAND AVE New Berlin, WI 53151</td>\n",
       "      <td>42.9951342, -88.10781879999999</td>\n",
       "    </tr>\n",
       "    <tr>\n",
       "      <th>12</th>\n",
       "      <td>1225 W RAWSON AVE Oak Creek, WI 53154</td>\n",
       "      <td>42.915899, -87.930078</td>\n",
       "    </tr>\n",
       "    <tr>\n",
       "      <th>13</th>\n",
       "      <td>N49 W35964 WISCONSIN AVE Oconomowoc, WI 53066</td>\n",
       "      <td>43.109604, -88.4607162</td>\n",
       "    </tr>\n",
       "    <tr>\n",
       "      <th>14</th>\n",
       "      <td>21350 CAPITOL DR Pewaukee, WI 53072</td>\n",
       "      <td>43.08401, -88.1780948</td>\n",
       "    </tr>\n",
       "    <tr>\n",
       "      <th>15</th>\n",
       "      <td>24925 SILVER SPRING DR Sussex, WI 53089</td>\n",
       "      <td>43.1360414, -88.2426984</td>\n",
       "    </tr>\n",
       "  </tbody>\n",
       "</table>\n",
       "</div>"
      ],
      "text/plain": [
       "                                          address  \\\n",
       "0       3960 N BROOKFIELD RD Brookfield, WI 53045   \n",
       "1            7610 W RAWSON AVE Franklin, WI 53132   \n",
       "2             1150 GREEN BAY RD Kenosha, WI 53144   \n",
       "3                2201 S PARK ST Madison, WI 53713   \n",
       "4                  673 STATE ST Madison, WI 53703   \n",
       "5                1401 REGENT ST Madison, WI 53711   \n",
       "6           2703 W BELTLINE HWY Madison, WI 53713   \n",
       "7           2216 UNIVERSITY AVE Madison, WI 53726   \n",
       "8             1624 W WELLS ST Milwaukee, WI 53233   \n",
       "9            1609 E NORTH AVE Milwaukee, WI 53202   \n",
       "10         3301 N OAKLAND AVE Milwaukee, WI 53211   \n",
       "11     15551 W CLEVELAND AVE New Berlin, WI 53151   \n",
       "12          1225 W RAWSON AVE Oak Creek, WI 53154   \n",
       "13  N49 W35964 WISCONSIN AVE Oconomowoc, WI 53066   \n",
       "14            21350 CAPITOL DR Pewaukee, WI 53072   \n",
       "15        24925 SILVER SPRING DR Sussex, WI 53089   \n",
       "\n",
       "                           lat_lng  \n",
       "0          43.0901595, -88.1455139  \n",
       "1   42.9166669, -88.00997389999999  \n",
       "2     42.64031, -87.87736740000001  \n",
       "3          43.0414708, -89.3936785  \n",
       "4   43.0747822, -89.39720129999999  \n",
       "5           43.0674549, -89.409336  \n",
       "6          43.0347632, -89.4233364  \n",
       "7   43.0728655, -89.42489549999999  \n",
       "8   43.0404381, -87.93394660000001  \n",
       "9          43.0598103, -87.8900283  \n",
       "10          43.0778541, -87.888241  \n",
       "11  42.9951342, -88.10781879999999  \n",
       "12           42.915899, -87.930078  \n",
       "13          43.109604, -88.4607162  \n",
       "14           43.08401, -88.1780948  \n",
       "15         43.1360414, -88.2426984  "
      ]
     },
     "execution_count": 5,
     "metadata": {},
     "output_type": "execute_result"
    }
   ],
   "source": [
    "locations['lat_lng'] = locations.apply(lambda row: getLatLng(row['address']), axis=1)\n",
    "locations"
   ]
  },
  {
   "cell_type": "code",
   "execution_count": 6,
   "metadata": {},
   "outputs": [
    {
     "data": {
      "text/plain": [
       "array([[ 0.,  0.,  0.,  0.,  0.,  0.,  0.,  0.,  0.,  0.,  0.,  0.,  0.,\n",
       "         0.,  0.,  0.],\n",
       "       [ 0.,  0.,  0.,  0.,  0.,  0.,  0.,  0.,  0.,  0.,  0.,  0.,  0.,\n",
       "         0.,  0.,  0.],\n",
       "       [ 0.,  0.,  0.,  0.,  0.,  0.,  0.,  0.,  0.,  0.,  0.,  0.,  0.,\n",
       "         0.,  0.,  0.],\n",
       "       [ 0.,  0.,  0.,  0.,  0.,  0.,  0.,  0.,  0.,  0.,  0.,  0.,  0.,\n",
       "         0.,  0.,  0.],\n",
       "       [ 0.,  0.,  0.,  0.,  0.,  0.,  0.,  0.,  0.,  0.,  0.,  0.,  0.,\n",
       "         0.,  0.,  0.],\n",
       "       [ 0.,  0.,  0.,  0.,  0.,  0.,  0.,  0.,  0.,  0.,  0.,  0.,  0.,\n",
       "         0.,  0.,  0.],\n",
       "       [ 0.,  0.,  0.,  0.,  0.,  0.,  0.,  0.,  0.,  0.,  0.,  0.,  0.,\n",
       "         0.,  0.,  0.],\n",
       "       [ 0.,  0.,  0.,  0.,  0.,  0.,  0.,  0.,  0.,  0.,  0.,  0.,  0.,\n",
       "         0.,  0.,  0.],\n",
       "       [ 0.,  0.,  0.,  0.,  0.,  0.,  0.,  0.,  0.,  0.,  0.,  0.,  0.,\n",
       "         0.,  0.,  0.],\n",
       "       [ 0.,  0.,  0.,  0.,  0.,  0.,  0.,  0.,  0.,  0.,  0.,  0.,  0.,\n",
       "         0.,  0.,  0.],\n",
       "       [ 0.,  0.,  0.,  0.,  0.,  0.,  0.,  0.,  0.,  0.,  0.,  0.,  0.,\n",
       "         0.,  0.,  0.],\n",
       "       [ 0.,  0.,  0.,  0.,  0.,  0.,  0.,  0.,  0.,  0.,  0.,  0.,  0.,\n",
       "         0.,  0.,  0.],\n",
       "       [ 0.,  0.,  0.,  0.,  0.,  0.,  0.,  0.,  0.,  0.,  0.,  0.,  0.,\n",
       "         0.,  0.,  0.],\n",
       "       [ 0.,  0.,  0.,  0.,  0.,  0.,  0.,  0.,  0.,  0.,  0.,  0.,  0.,\n",
       "         0.,  0.,  0.],\n",
       "       [ 0.,  0.,  0.,  0.,  0.,  0.,  0.,  0.,  0.,  0.,  0.,  0.,  0.,\n",
       "         0.,  0.,  0.],\n",
       "       [ 0.,  0.,  0.,  0.,  0.,  0.,  0.,  0.,  0.,  0.,  0.,  0.,  0.,\n",
       "         0.,  0.,  0.]])"
      ]
     },
     "execution_count": 6,
     "metadata": {},
     "output_type": "execute_result"
    }
   ],
   "source": [
    "dist_matrix = np.array([[0.0]*numLoc]*numLoc)\n",
    "dist_matrix"
   ]
  },
  {
   "cell_type": "code",
   "execution_count": 7,
   "metadata": {},
   "outputs": [],
   "source": [
    "def getDistance(loc1, loc2):\n",
    "    time.sleep(.1)\n",
    "\n",
    "    base = \"https://maps.googleapis.com/maps/api/distancematrix/json?\"\n",
    "    params = \"units={units}&origins={origin}&destinations={destination}&key={key}\".format(\n",
    "        units='imperial',\n",
    "        origin=loc1,\n",
    "        destination=loc2,\n",
    "        key=apiKey\n",
    "    )\n",
    "    url = \"{base}{params}\".format(base=base, params=params)\n",
    "    response = requests.get(url)\n",
    "    meter = response.json()['rows'][0]['elements'][0]['distance']['value']\n",
    "    return meter*0.000621371"
   ]
  },
  {
   "cell_type": "code",
   "execution_count": 8,
   "metadata": {
    "scrolled": true
   },
   "outputs": [],
   "source": [
    "for x in range(numLoc):\n",
    "    for y in range(x, numLoc):\n",
    "        dist_matrix[x, y] = dist_matrix[y, x] = getDistance(locations.iloc[x, 0], locations.iloc[y, 0])"
   ]
  },
  {
   "cell_type": "code",
   "execution_count": 9,
   "metadata": {},
   "outputs": [
    {
     "data": {
      "text/plain": [
       "array([[   0.        ,   18.28943401,   45.67760358,   71.2476416 ,\n",
       "          68.85598462,   72.95081951,   72.5761328 ,   70.13849437,\n",
       "          14.67305479,   18.23288925,   19.40417359,    8.54820085,\n",
       "          22.38364753,   17.05352709,    1.99770777,    8.61903714],\n",
       "       [  18.28943401,    0.        ,   27.48758893,   84.28400518,\n",
       "          81.89296957,   85.98718309,   85.58950565,   83.17485795,\n",
       "          12.36590427,   15.01543022,   16.18609318,   11.00758726,\n",
       "           4.20543893,   34.90240907,   20.82649181,   26.46916186],\n",
       "       [  45.67760358,   27.48758893,    0.        ,  110.24177871,\n",
       "         107.8507431 ,  108.45844394,  111.57026991,  109.13263147,\n",
       "          32.81646662,   35.4653712 ,   36.63665553,   38.16398545,\n",
       "          23.22746935,   60.86018259,   46.78426533,   52.42693538],\n",
       "       [  71.2476416 ,   84.28400518,  110.24177871,    0.        ,\n",
       "           2.55632029,    2.32206343,    2.36058843,    3.51944534,\n",
       "          81.32876471,   84.88859917,   86.0598835 ,   73.88784698,\n",
       "          90.82207084,   57.27362918,   70.44669438,   72.38350779],\n",
       "       [  68.85598462,   81.89296957,  107.8507431 ,    2.55632029,\n",
       "           0.        ,    1.10790449,    3.94756996,    1.5062033 ,\n",
       "          77.26996933,   80.83042516,   82.00108813,   69.82905161,\n",
       "          86.76327547,   53.21483381,   66.38852038,   68.32533379],\n",
       "       [  72.95081951,   85.98718309,  108.45844394,    2.32206343,\n",
       "           1.10790449,    0.        ,    3.69902156,    1.10044804,\n",
       "          78.23309438,   81.79292884,   82.96421318,   70.79217666,\n",
       "          87.72640052,   54.17795886,   67.35102406,   69.28783747],\n",
       "       [  72.5761328 ,   85.58950565,  111.57026991,    2.36058843,\n",
       "           3.94756996,    3.69902156,    0.        ,    4.2831103 ,\n",
       "          81.78795788,   85.3484137 ,   86.51907667,   74.34704015,\n",
       "          91.28126401,   57.73282235,   70.90650892,   72.84332233],\n",
       "       [  70.13849437,   83.17485795,  109.13263147,    3.51944534,\n",
       "           1.5062033 ,    1.10044804,    4.2831103 ,    0.        ,\n",
       "          78.48040004,   82.0402345 ,   83.21151884,   71.03948232,\n",
       "          87.97308481,   54.42526452,   67.59832972,   69.53514313],\n",
       "       [  14.67305479,   12.36590427,   32.81646662,   81.32876471,\n",
       "          77.26996933,   78.23309438,   81.78795788,   78.48040004,\n",
       "           0.        ,    3.31315017,    4.76343009,   12.58773372,\n",
       "          10.18427069,   31.64145406,   17.72460777,   23.20820685],\n",
       "       [  18.23288925,   15.01543022,   35.4653712 ,   84.88859917,\n",
       "          80.83042516,   81.79292884,   85.3484137 ,   82.0402345 ,\n",
       "           3.31315017,    0.        ,    1.3241416 ,   15.22731773,\n",
       "          12.89096277,   34.2804167 ,   20.36419178,   25.84716949],\n",
       "       [  19.40417359,   16.18609318,   36.63665553,   86.0598835 ,\n",
       "          82.00108813,   82.96421318,   86.51907667,   83.21151884,\n",
       "           4.76343009,    1.3241416 ,    0.        ,   16.485594  ,\n",
       "          14.14923904,   35.53931435,   21.62246806,   27.10606713],\n",
       "       [   8.54820085,   11.00758726,   38.16398545,   73.88784698,\n",
       "          69.82905161,   70.79217666,   74.34704015,   71.03948232,\n",
       "          12.58773372,   15.22731773,   16.485594  ,    0.        ,\n",
       "          15.0222653 ,   23.70778913,    9.79156422,   15.27454192],\n",
       "       [  22.38364753,    4.20543893,   23.22746935,   90.82207084,\n",
       "          86.76327547,   87.72640052,   91.28126401,   87.97308481,\n",
       "          10.18427069,   12.89096277,   14.14923904,   15.0222653 ,\n",
       "           0.        ,   38.21742336,   24.14150609,   29.78417614],\n",
       "       [  17.05352709,   34.90240907,   60.86018259,   57.27362918,\n",
       "          53.21483381,   54.17795886,   57.73282235,   54.42526452,\n",
       "          31.64145406,   34.2804167 ,   35.53931435,   23.70778913,\n",
       "          38.21742336,    0.        ,   15.4336129 ,   14.33130074],\n",
       "       [   1.99770777,   20.82649181,   46.78426533,   70.44669438,\n",
       "          66.38852038,   67.35102406,   70.90650892,   67.59832972,\n",
       "          17.72460777,   20.36419178,   21.62246806,    9.79156422,\n",
       "          24.14150609,   15.4336129 ,    0.        ,    6.71764188],\n",
       "       [   8.61903714,   26.46916186,   52.42693538,   72.38350779,\n",
       "          68.32533379,   69.28783747,   72.84332233,   69.53514313,\n",
       "          23.20820685,   25.84716949,   27.10606713,   15.27454192,\n",
       "          29.78417614,   14.33130074,    6.71764188,    0.        ]])"
      ]
     },
     "execution_count": 9,
     "metadata": {},
     "output_type": "execute_result"
    }
   ],
   "source": [
    "dist_matrix"
   ]
  },
  {
   "cell_type": "code",
   "execution_count": 10,
   "metadata": {},
   "outputs": [
    {
     "name": "stdout",
     "output_type": "stream",
     "text": [
      "[[], [18.289434014000001], [45.677603581, 27.487588927000001], [71.247641602000002, 84.284005182000001, 110.24177870700001], [68.855984622999998, 81.892969574000006, 107.850743099, 2.5563202939999998], [72.950819512999999, 85.987183092999999, 108.458443937, 2.3220634270000002, 1.1079044929999999], [72.576132799999996, 85.589505653000003, 111.570269905, 2.3605884289999999, 3.9475699629999998, 3.6990215630000001], [70.138494367000007, 83.174857947000007, 109.132631472, 3.5194453440000002, 1.506203304, 1.1004480409999999, 4.283110303], [14.673054794, 12.365904271, 32.816466623000004, 81.328764706000001, 77.269969333999995, 78.233094383999997, 81.787957875000004, 78.480400041999999], [18.232889253, 15.015430215, 35.465371196, 84.888599165000002, 80.830425164000005, 81.792928842999999, 85.348413704999999, 82.040234501, 3.3131501719999998], [19.404173587999999, 16.186093179, 36.636655531000002, 86.059883499999998, 82.001088128000006, 82.964213178000008, 86.519076669, 83.211518835999996, 4.7634300860000005, 1.324141601], [8.5482008470000004, 11.007587265, 38.163985449000002, 73.887846980999996, 69.829051609000004, 70.792176659000006, 74.347040149999998, 71.039482317000008, 12.587733718000001, 15.227317726000001, 16.485594000999999], [22.383647533000001, 4.2054389280000004, 23.227469351, 90.822070843999995, 86.763275472000004, 87.726400522000006, 91.281264012999998, 87.973084808999999, 10.18427069, 12.890962765999999, 14.149239041, 15.022265296], [17.053527095, 34.902409069999997, 60.860182594999998, 57.273629183000004, 53.214833810999998, 54.177958861, 57.732822351999999, 54.425264519000002, 31.641454062000001, 34.280416699, 35.539314345000001, 23.707789133999999, 38.217423355000001], [1.9977077650000001, 20.826491807, 46.784265332000004, 70.446694383000008, 66.388520381999996, 67.351024061000004, 70.906508923000004, 67.598329719000006, 17.724607774999999, 20.364191782999999, 21.622468057999999, 9.7915642179999995, 24.141506092, 15.433612898], [8.6190371409999997, 26.469161858, 52.426935383, 72.383507789999996, 68.325333788999998, 69.287837468000006, 72.843322330000007, 69.535143125999994, 23.20820685, 25.847169487000002, 27.106067133, 15.274541922000001, 29.784176143, 14.331300744, 6.7176418810000005]]\n"
     ]
    }
   ],
   "source": [
    "\n",
    "\n",
    "#Prepare the square symmetric distance matrix for 3 nodes:\n",
    "#  Distance from A to B is 1.0\n",
    "#                B to C is 3.0\n",
    "#                A to C is 2.0\n",
    "D = []\n",
    "for x in range(numLoc):\n",
    "    a = []\n",
    "    for y in range(x):\n",
    "        a.append(dist_matrix[x][y])\n",
    "    D.append(a)\n",
    "\n",
    "print(D)"
   ]
  },
  {
   "cell_type": "code",
   "execution_count": 11,
   "metadata": {},
   "outputs": [
    {
     "name": "stdout",
     "output_type": "stream",
     "text": [
      "[2, 12, 1, 10, 9, 8, 11, 0, 14, 15, 13, 4, 5, 7, 3, 6]\n"
     ]
    }
   ],
   "source": [
    "path = solve_tsp( D )\n",
    "print(path)"
   ]
  },
  {
   "cell_type": "code",
   "execution_count": 14,
   "metadata": {},
   "outputs": [
    {
     "data": {
      "text/html": [
       "<img src=\"https://maps.googleapis.com/maps/api/staticmap?size=640x400&maptype=terrain&scale=2&markers=label:A|size:min|42.64031, -87.87736740000001&markers=label:B|size:min|42.915899, -87.930078&markers=label:C|size:min|42.9166669, -88.00997389999999&markers=label:D|size:min|43.0778541, -87.888241&markers=label:E|size:min|43.0598103, -87.8900283&markers=label:F|size:min|43.0404381, -87.93394660000001&markers=label:G|size:min|42.9951342, -88.10781879999999&markers=label:H|size:min|43.0901595, -88.1455139&markers=label:I|size:min|43.08401, -88.1780948&markers=label:J|size:min|43.1360414, -88.2426984&markers=label:K|size:min|43.109604, -88.4607162&markers=label:L|size:min|43.0747822, -89.39720129999999&markers=label:M|size:min|43.0674549, -89.409336&markers=label:N|size:min|43.0728655, -89.42489549999999&markers=label:O|size:min|43.0414708, -89.3936785&markers=label:P|size:min|43.0347632, -89.4233364&path=color:0xff6600|enc:qdgcG`pjwOn@jACh@v@DBf@@zAEtLO`t@Kbe@shAPya@HehAXOvv@Uln@C`MCtFkOwAaV{ByDUsCEwQ?mU@wNDyn@RsJBeGD{EDaF?mF?s^H[?gAWm@Ue@YgAgAaAtAc@h@YJqMJeRHkWAsG@aHCqBFa@tYGlLL`WLnSCrDIxCI~Ao@lHwA|NcHft@a@nDqAhIqAjGyFbWwAhGa@hBMRUXUPs@W{@Kq@Ak@@eDt@iGjAyAPaCNoCF_CB}DAcBDsABA@MR]CgJDcLHyQHmL?g|AN{Z@oNMyd@c@ct@YoUIqHG{CEkJC_TQkYUum@_@_^F_MIoN[aSYcIOqMQuIGoK@qDAsKBgQEcHIe^[gLKkGCmEM{BMaBQaDa@iDs@sCu@aCcAwBaAcBeAoBwAuAmAyB_CoBeCk@{@cFwHaHgKaHmKkH{KaAmAiBkBaCmBsC_BqAi@_Cu@cAUaBW{AM_EI{AA}j@y@yIIk_A_AmGMisDkEgEAuIKkHIaAQ_CMmAM{Cm@mDiAuBUcB?q@Oi@k@@gGDgNBkE\\BBDAx@&path=color:0xff6600|enc:{_}dG|ytwO?}@_@E?gAa@?GfDC`PA~LCrFGhc@Czd@@fHGx@@tHJfIFnMFbPN~f@N|f@HxWDdTVvp@B~PElTIn[Qpn@I~]&path=color:0xff6600|enc:ca}dGhmdxO?tDHXPN?iE?_D?m@[?uBAsFKo@aA_CkCgC{CiAaBgCmEoKgS]m@EA]i@mHwNeAkB}AaC_AsAcAqAyAaBuBmBiCqBkBmAsC}AmAi@iEsBsTsKgEwBs@Y_ImD{GgDuN}GqOqHuEcCyBuAiBwAcB_Bs@w@kAuAiO_RqMmPwB_DeHyJ}LkQa@w@wBuCiA{AoBcBuBgAyCaAcAc@WE}Ac@kC}@aAo@SUGQG]Eo@TmFTmGDuBAiBGw@IKM{B_BsOqBcSi@_G[kFYoE]eKQ}J?qDJy@D_BFkCLsEZkJRgG`@qPLcO@qEAuAOsBOqA]iBw@cCs@_Be@y@wAiBq@q@oAmAqAyAkAoBy@uBm@cCo@iFKYM{DOsEMgCuA__@[wHIiASoBe@_C{@wCy@gBo@eAcAmAcAaAgBgAiBq@w@O_AIkAEoHNkHF_DAgD@sENeXbDyALgABwB?iCUcAOaBa@mBq@}BaAmKiEcBe@kB]qBAyAHcAByc@jC{BJeDPaIn@aD`@cG`AoDj@yBTgC?cYQsC?yROuC@gGBkJBqBCoJByA@kAHkDz@{Al@iBhA}CrC{@hAi@n@g@v@kAxAy@dAoArAcBvAuAx@sAj@w@TiE`AkCd@{FnAgDz@{AZaB^eAHyALs@HuB@mI?OBSBeAAeGA]B_@D_A`@q@XuAn@gEjCkC~As@^{@ZcB\\e@DuBBsA?gAE_GDmBFwCDwDLeBV_AV}CnAoBz@kCp@yARmBJiBBaDMkAMqB[aDm@cASeBUmDa@eFg@kAMcAIk@MsQ}A_B]cAY}@a@kBoAm@i@q@u@{@gA}AcCcCiDsAoA}@e@UM}@Qq@OaAEiOE{F?wOAUSmAQoGqAi@QcCEKGOCk@EICEMCS?kFB{G?gHD{G@aDDmQBwJC{BD_GUsFEO?gF@yJ@kJ?iL@cAEYByIB}EA_I@eC@}C?G@o@cJ?qJA_FEoJK?uFBkJm@?&path=color:0xff6600|enc:ss|eGlulwOl@?A}BjKLtEDtRFrA@jH@z@?nJHf]LhMBV?AxA?Z?X?dBnCBN@TLj@j@CNAV?RCDkB@g@C&path=color:0xff6600|enc:wbyeG`_mwOeAG?|BAlCA|HCtEAnCA~@?vBA~M?n@Db@?jDAlELZLHdAZVPb@n@NXZ~@TrABT?r@EVO`@SPsB~@SNQRUh@Gb@CdBEpOAxVExQ?hHAbHAlJGNAt@A|G?zA?bBAxBf@j@p@p@`AxAfA|Af@j@b@b@fA~@xBxAhAn@NAxAp@xAf@jAX|CXtK~@hGh@tGt@jBVpCf@NNhATlAZdBp@hAZf@Fz@BxH?l@Ed@InA[v@UAlBHvE@zCApLC~KAhD`@BbB?lE@vIBtA@\\?&path=color:0xff6600|enc:wiueGnsuwOb@??aA?iBAgFDI?m@BqE@iC?eCAYEWB_B?_C@cMf@AVKd@e@f@g@LGNCn@Ah@DP@NLFBxAX|@TbAd@h@b@PFPBN@LCXMR[hAkAXQVAXHPPJTD\\@x@?xBNnHB\\FL?J?hQ@`Mb@fRD|FIbEUzHWhHCxEPzD^vCF\\Jd@j@zBr@hBh@rAbB~DDH`BrE~C|Jp@bC\\|Ab@fDJpAJtBDnC?bJCrF?zCAhLElFCfBC|@GjAI`Ao@tEuAdJaA|GYtCMjE@|AFfBZzCp@pEjAbGXbAn@jCnA`F~@tEpAbIp@xE|@dGP`BRlCHpE?fP?jGEdW?tEP~K^bWL|FFdAJhA`@|CzCpRtCbSjB~Mf@xE^`GL|DB~A@fEC~CMnE_@lGmAxL]nEGnB?fBT~ZNjVFnIBbAPlC|@~H|@vHf@~FNbG?zDExDMhCe@tES|Aw@bE_A|DiAbEsBnH{AvFiB~F}AxGiA~FwA~KKlFExAEhCBtCLjETrEd@dFjBzQfB~QR~APrAHn@b@rDlAtM\\zDXdE~CjYfHnp@lFhh@nAlM`@lF\\rHPxGFpGEjXE|U?bDINIp@Gp@Kh@]|@c@d@g@Ra@@e@M_@U[o@Os@C_@?gA@gAJs@FWFM\\SJEFI|DJpFDdDAtL?vJDdEEpFB|FJjKVnKZfDXhALbE`@xAHfHPjYj@t\\Ln\\HnF@?g@qC?kMC&path=color:0xff6600|enc:snleGfswxOcICiQEuLCoOU_Tg@uBIsDWsC[gCSiBKsGU{KU_EO{BGaBACpLFzHDzFAbLEfFE|JIje@GjNAxCMT_@d@eGCec@LcP@kF?kF@iF?iF@mKKmEEeBC{@EoDGi@C]D}BEo@@k@B_@AuAAuBC}RQ_MO}DGgJEoTWmQSka@i@kJKoB?sBBa@DgEEiTK{HAwJG}_@We@??b@IlNSvYY|b@ErRKtSA`Ey@@}E@cH?uTBk\\JaA@GQY?aD@mDBcCD@u@]CSCEAKW&path=color:0xff6600|enc:q`_fGn|~xOLXJBh@BbABRAFK?a@\\@@n@@h@kABcCBkACK??RCnA@dQBxLDdLD|BNfGXhFt@zH`@dDj@nDfAzF`AjEhAzDzC`KrDzLpE~NfEtN~@jDx@rDl@vCpAlHd@dD`@rDSFYFi@Cq@?&path=color:0xff6600|enc:az}eGtieyOzABXGRGDVx@xIPdCJnB`@|KFbF@~Fi@pl@gAdjAu@|v@GjNIvXE~O?dCOd@I\\KPULwDBaBLy@L{@TiA`@kAl@s@h@i@f@yHjIeJxJwGnHmApBcA`Cg@|A]tAWdBS`BeBlRw@pIe@nEi@zC[tAq@`Cc@bAeApBmA`B_BzAaBbAeBn@oAVu@HmBDcFO{DIs@BgCNkL|@}ERsADyDDyD?sGHuAAaDGoHOsECwADcHMoDGk@@wWQ{FKaAIWD{GOeOYiZQ_SO_HE{CIyEMkEE_@_@SW|BwFd@f@LR@`@&path=color:0xff6600|enc:k_hfGz{qyOAbABLNFFF@H?x@L@hBDR?RE^Yb@ITFHNBN@nA?RbADfDF~H@xFDhOJxVRbEHfIPlDJz@?lDFxJLzID`JJjEF~A@`@XPRFVFf@AzH@bJK~^Mhn@?jA^\\t@v@fCpCxN`Pt@z@Zb@T`@Vp@ZbAzAlHl@rCX~@p@rArBpDVn@d@QjAa@rFgBtBi@hFiAvCq@`GwAVCtAEhAD~@Jt@Pr@TbAd@j@ZbBtA|DfDFLl@l@bB|AjAhAQrFy@hRKlB_@lDk@|EBTw@xFOdAw@zF{Iro@aIfl@eF`_@eEtZ_BzKu@hEc@zByA`G}@xCsA~DuAlDmGbPwDzJ}A`Fq@bCm@dC}AjIc@vCo@fF]rD[nEMfDQlGK~Y?~@YdjAAzKDdDJbDXhEh@|Ep@pEj@pCxAxFfFxRjJx^Lf@`BpGl@nCv@nE^bCr@|F^`EZ`FtAr]dCro@|@|VHrG\\b]d@`j@RlUVdXD`MCzCQnJ[tHYpEg@zFo@|Fw@zFk@pDu@~D_AjEs@zC_AjDcDjKsEzNgDpKaAdDs@vCk@pCQhAk@~EWrDmBxf@m@|PKbEExCAdHFdGJxDXdGl@fIv@hJ\\vDT~DFjABfAENAB?z@IjGQbDu@`IQvAELKVM\\KH}B?DkA&path=color:0xff6600|enc:kxbfG~n|zOEhB|B@RNDFLV@p@LrERtHRfIf@zEJj@P\\`AnFl@hDZxCLfC?jGIze@@jCHvBCDCF?XGxAK\\SRa@TwAFaFb@c@Ec@Y[e@Qu@Au@BSH_@Ra@V[\\M`@Gj@FrB`@LGnDdAzDv@bBRnH`@tBAf\\s@pFCdD@bDBd@DRDZL`@H|HaHtDcDdHmGfBkBr@y@dAkBjFyKbA_Br@cAzAcBvAmAzBwAfAe@fCw@vCe@xCGtC@xHFpGF`NNrG@`FBpKP~G\\pMt@XXr@XpBvMRrBH`BBtFJp@CnLAjNGti@Ghr@Q~PUvJmBtj@oBfm@WtMIhO@f[PjiBLfn@HjIZ`S\\lTPnWKn|ASzIe@`IWzCs@bGu@xE_A`F}@xDiA`EyAjEmA`DkAlCwAvC_CfEmC~DgJ`NgNhSgDtF}AvCmCvFkBrEsBzFoBpG_BjG_BzHy@tEw@tFkAxKUxCm@|KUvL?zJt@le@BbOSr~@Bh[NvOn@x^r@b\\H~H?rIItJmAjq@u@fd@g@hv@i@t{@m@foAg@`kAQvTiApvAKhN_AfjAM|O?xNLpKf@v[v@|f@h@ja@HtQDz_ALtzBBlb@I`RKhKoCdmBOpW_@peBUlbA{AhwBQ~XGzEMpEo@xJs@zGiApHk@rCaGlVkHvYwBpIyd@rjBuOrn@wDrOoPrs@kMpj@kFdUsEdSy@|Dw@nEq@jEgAnJw@jJa@lIMrFI|H?`LNb`BXvtCVtk@\\tk@\\xi@j@|z@f@le@x@`v@d@jn@hAfjBp@riAnAtqBFvWGhr@W`nCW~_DGrGUpJM|CQpEyA`WqCpd@Y~FKtEGjKDfGNzEp@vS~AtZlBt`@~@vW\\~PHhILzy@BzRB`HLpGV`H^jG`@vEtAtLfBfMzIzp@fAfItAhK^lDpAvN`@jH`@|IT|IJrLCrGQjNObWc@z]C|Kg@tp@AxAi@|h@W`Me@hK{@nMw@~ImApKuApL]rDa@dGOnEExBIlUOnl@M|c@CnBA|GGzd@O`f@GpAOvAq@~Cw@rBq@jA{GrImCnD_AbB_@~@i@hB[dBQfBGvA?xJA|BEpMMfBMv@]pA_AnBuJtRWd@S`@@t@XVLBr@Q|DaAfAMzAIVGhE@hLD`BPn@Np@Rr@^jAn@fA|@rKtM~@fAxAfAdClA`Dn@jWfEpLjBl@RVTlEnGtCzEh@~@nD|FbBjCxE|H|CvF`BpCTn@Vp@Hj@B`ADrBHh@Tt@h@hArCxE|DlGvD~FjGbKzO`WjIpM`_@ll@zFfJjDvFRh@D^?dIE`IsAAgEG]A&path=color:0xff6600|enc:m`|eGpls`PvEFf@@x@@CfECxFAnEE|ECtFEhFEjX?`CAVl@@bA?b@AdDDlCArCE\\BLHFFLKHEJCJALEZ?bA@xBAzDA?fAZb@&path=color:0xff6600|enc:sszeGrxu`P[c@C`D?dEGzGG\\?n@Al@B|@Bd@Ah@B^CpDAvJIdQ?xKCpKa@?aCEcD@aLEcD?Bn@H`C[FSKU??t@&path=color:0xff6600|enc:us{eGrxx`P?u@T?RJZGMqDfI@`L@bDDDcOAgHDaEBwKDuOFs@?]?eDGq@@kBDiEF_VFmSD{Q`KYnAIlBGlBBlE@`@?tH?dBChC?pA@bAEf@GdA_@fAy@|HcGtDyCrCoBnDqC`IkGfCcB~@e@v@[dC{@|@StAWtAQpBMrKB|GAzF?xHIvPBnH@H?P@?a@w@?uA?{GAuDA&path=color:0xff6600|enc:epueGbwr`P}BA{A??`@?hEAhB?vCBxBr@@b@B^FTJh@VN@|QJ?yE?i@Fw@DkA@wA@_Dr@BpATn@PrAf@nAt@p@f@^`@p@bAb@dARr@`@nBXv@~@dF`@rCT~BR~CPfEDrDCpGWpQAz@G~EO|FMpMSbPM\\ARWpKIzFInAQ`ASp@Wt@ETGd@D\\Np@LrAHXA|@?~AIjHj@Nr@VZN\\FL@Al@OBAX&key=AIzaSyA6NGI-vgP4ZoGY6Yq909JFTMscKKH7XK8\"/>"
      ],
      "text/plain": [
       "<IPython.core.display.Image object>"
      ]
     },
     "execution_count": 14,
     "metadata": {},
     "output_type": "execute_result"
    }
   ],
   "source": [
    "d = {0:'A', 1:'B', 2:'C', 3:'D', 4:'E', 5:'F', 6:'G', 7:'H', 8:'I', 9:'J', 10:'K',\n",
    "    11:'L', 12:'M', 13:'N', 14:'O', 15:'P'}\n",
    "img = 'https://maps.googleapis.com/maps/api/staticmap?size=640x400&maptype=terrain&scale=2'\n",
    "for x in range(numLoc):\n",
    "    img+='&markers=label:{label}|size:mid|{loc}'.format(\n",
    "        loc=locations.iloc[path[x],1],\n",
    "        label = d[x]\n",
    "    )\n",
    "#img+='&path=color:0xff6600|enc:'\n",
    "for y in range(1, numLoc):\n",
    "    base='https://maps.googleapis.com/maps/api/directions/json?'\n",
    "    params='origin={origin}&destination={destination}&mode=driving&key={key}'.format(\n",
    "        origin=locations.iloc[path[y-1], 1],\n",
    "        destination=locations.iloc[path[y], 1],\n",
    "        key=apiKey\n",
    "    )\n",
    "    url = \"{base}{params}\".format(base=base, params=params)\n",
    "    response = requests.get(url)\n",
    "    img+='&path=color:0xff6600|enc:' + response.json()['routes'][0]['overview_polyline']['points']\n",
    "img+='&key={key}'.format(key=apiKey)\n",
    "Image(url=img)"
   ]
  },
  {
   "cell_type": "code",
   "execution_count": 16,
   "metadata": {},
   "outputs": [
    {
     "data": {
      "text/html": [
       "<img src=\"https://maps.googleapis.com/maps/api/staticmap?size=120x200&maptype=terrain&zoom=11&center=43.045000, -87.911444&scale=2&markers=label:D|size:mid|43.0778541, -87.888241&markers=label:E|size:mid|43.0598103, -87.8900283&markers=label:F|size:mid|43.0404381, -87.93394660000001&path=color:0xff6600|enc:{_}dG|ytwO?}@_@E?gAa@?GfDC`PA~LCrFGhc@Czd@@fHGx@@tHJfIFnMFbPN~f@N|f@HxWDdTVvp@B~PElTIn[Qpn@I~]&path=color:0xff6600|enc:ca}dGhmdxO?tDHXPN?iE?_D?m@[?uBAsFKo@aA_CkCgC{CiAaBgCmEoKgS]m@EA]i@mHwNeAkB}AaC_AsAcAqAyAaBuBmBiCqBkBmAsC}AmAi@iEsBsTsKgEwBs@Y_ImD{GgDuN}GqOqHuEcCyBuAiBwAcB_Bs@w@kAuAiO_RqMmPwB_DeHyJ}LkQa@w@wBuCiA{AoBcBuBgAyCaAcAc@WE}Ac@kC}@aAo@SUGQG]Eo@TmFTmGDuBAiBGw@IKM{B_BsOqBcSi@_G[kFYoE]eKQ}J?qDJy@D_BFkCLsEZkJRgG`@qPLcO@qEAuAOsBOqA]iBw@cCs@_Be@y@wAiBq@q@oAmAqAyAkAoBy@uBm@cCo@iFKYM{DOsEMgCuA__@[wHIiASoBe@_C{@wCy@gBo@eAcAmAcAaAgBgAiBq@w@O_AIkAEoHNkHF_DAgD@sENeXbDyALgABwB?iCUcAOaBa@mBq@}BaAmKiEcBe@kB]qBAyAHcAByc@jC{BJeDPaIn@aD`@cG`AoDj@yBTgC?cYQsC?yROuC@gGBkJBqBCoJByA@kAHkDz@{Al@iBhA}CrC{@hAi@n@g@v@kAxAy@dAoArAcBvAuAx@sAj@w@TiE`AkCd@{FnAgDz@{AZaB^eAHyALs@HuB@mI?OBSBeAAeGA]B_@D_A`@q@XuAn@gEjCkC~As@^{@ZcB\\e@DuBBsA?gAE_GDmBFwCDwDLeBV_AV}CnAoBz@kCp@yARmBJiBBaDMkAMqB[aDm@cASeBUmDa@eFg@kAMcAIk@MsQ}A_B]cAY}@a@kBoAm@i@q@u@{@gA}AcCcCiDsAoA}@e@UM}@Qq@OaAEiOE{F?wOAUSmAQoGqAi@QcCEKGOCk@EICEMCS?kFB{G?gHD{G@aDDmQBwJC{BD_GUsFEO?gF@yJ@kJ?iL@cAEYByIB}EA_I@eC@}C?G@o@cJ?qJA_FEoJK?uFBkJm@?&path=color:0xff6600|enc:ss|eGlulwOl@?A}BjKLtEDtRFrA@jH@z@?nJHf]LhMBV?AxA?Z?X?dBnCBN@TLj@j@CNAV?RCDkB@g@C&path=color:0xff6600|enc:wbyeG`_mwOeAG?|BAlCA|HCtEAnCA~@?vBA~M?n@Db@?jDAlELZLHdAZVPb@n@NXZ~@TrABT?r@EVO`@SPsB~@SNQRUh@Gb@CdBEpOAxVExQ?hHAbHAlJGNAt@A|G?zA?bBAxBf@j@p@p@`AxAfA|Af@j@b@b@fA~@xBxAhAn@NAxAp@xAf@jAX|CXtK~@hGh@tGt@jBVpCf@NNhATlAZdBp@hAZf@Fz@BxH?l@Ed@InA[v@UAlBHvE@zCApLC~KAhD`@BbB?lE@vIBtA@\\?&path=color:0xff6600|enc:wiueGnsuwOb@??aA?iBAgFDI?m@BqE@iC?eCAYEWB_B?_C@cMf@AVKd@e@f@g@LGNCn@Ah@DP@NLFBxAX|@TbAd@h@b@PFPBN@LCXMR[hAkAXQVAXHPPJTD\\@x@?xBNnHB\\FL?J?hQ@`Mb@fRD|FIbEUzHWhHCxEPzD^vCF\\Jd@j@zBr@hBh@rAbB~DDH`BrE~C|Jp@bC\\|Ab@fDJpAJtBDnC?bJCrF?zCAhLElFCfBC|@GjAI`Ao@tEuAdJaA|GYtCMjE@|AFfBZzCp@pEjAbGXbAn@jCnA`F~@tEpAbIp@xE|@dGP`BRlCHpE?fP?jGEdW?tEP~K^bWL|FFdAJhA`@|CzCpRtCbSjB~Mf@xE^`GL|DB~A@fEC~CMnE_@lGmAxL]nEGnB?fBT~ZNjVFnIBbAPlC|@~H|@vHf@~FNbG?zDExDMhCe@tES|Aw@bE_A|DiAbEsBnH{AvFiB~F}AxGiA~FwA~KKlFExAEhCBtCLjETrEd@dFjBzQfB~QR~APrAHn@b@rDlAtM\\zDXdE~CjYfHnp@lFhh@nAlM`@lF\\rHPxGFpGEjXE|U?bDINIp@Gp@Kh@]|@c@d@g@Ra@@e@M_@U[o@Os@C_@?gA@gAJs@FWFM\\SJEFI|DJpFDdDAtL?vJDdEEpFB|FJjKVnKZfDXhALbE`@xAHfHPjYj@t\\Ln\\HnF@?g@qC?kMC&key=AIzaSyA6NGI-vgP4ZoGY6Yq909JFTMscKKH7XK8\"/>"
      ],
      "text/plain": [
       "<IPython.core.display.Image object>"
      ]
     },
     "execution_count": 16,
     "metadata": {},
     "output_type": "execute_result"
    }
   ],
   "source": [
    "img = 'https://maps.googleapis.com/maps/api/staticmap?size=120x200&maptype=terrain&zoom=11&center=43.045000, -87.911444&scale=2'\n",
    "for x in range(3, 6):\n",
    "    img+='&markers=label:{label}|size:mid|{loc}'.format(loc=locations.iloc[path[x],1], label=d[x])\n",
    "#img+='&path=color:0xff6600|enc:'\n",
    "for y in range(2, 7):\n",
    "    base='https://maps.googleapis.com/maps/api/directions/json?'\n",
    "    params='origin={origin}&destination={destination}&mode=driving&key={key}'.format(\n",
    "        origin=locations.iloc[path[y-1], 1],\n",
    "        destination=locations.iloc[path[y], 1],\n",
    "        key=apiKey\n",
    "    )\n",
    "    url = \"{base}{params}\".format(base=base, params=params)\n",
    "    response = requests.get(url)\n",
    "    img+='&path=color:0xff6600|enc:' + response.json()['routes'][0]['overview_polyline']['points']\n",
    "img+='&key={key}.format(key=apiKey)'\n",
    "Image(url=img)"
   ]
  },
  {
   "cell_type": "code",
   "execution_count": 18,
   "metadata": {},
   "outputs": [
    {
     "data": {
      "text/html": [
       "<img src=\"https://maps.googleapis.com/maps/api/staticmap?size=140x220&maptype=terrain&zoom=12&center=43.057607, -89.409561&scale=2&markers=label:K|size:mid|43.109604, -88.4607162&markers=label:L|size:mid|43.0747822, -89.39720129999999&markers=label:M|size:mid|43.0674549, -89.409336&markers=label:N|size:mid|43.0728655, -89.42489549999999&markers=label:O|size:mid|43.0414708, -89.3936785&markers=label:P|size:mid|43.0347632, -89.4233364&path=color:0xff6600|enc:kxbfG~n|zOEhB|B@RNDFLV@p@LrERtHRfIf@zEJj@P\\`AnFl@hDZxCLfC?jGIze@@jCHvBCDCF?XGxAK\\SRa@TwAFaFb@c@Ec@Y[e@Qu@Au@BSH_@Ra@V[\\M`@Gj@FrB`@LGnDdAzDv@bBRnH`@tBAf\\s@pFCdD@bDBd@DRDZL`@H|HaHtDcDdHmGfBkBr@y@dAkBjFyKbA_Br@cAzAcBvAmAzBwAfAe@fCw@vCe@xCGtC@xHFpGF`NNrG@`FBpKP~G\\pMt@XXr@XpBvMRrBH`BBtFJp@CnLAjNGti@Ghr@Q~PUvJmBtj@oBfm@WtMIhO@f[PjiBLfn@HjIZ`S\\lTPnWKn|ASzIe@`IWzCs@bGu@xE_A`F}@xDiA`EyAjEmA`DkAlCwAvC_CfEmC~DgJ`NgNhSgDtF}AvCmCvFkBrEsBzFoBpG_BjG_BzHy@tEw@tFkAxKUxCm@|KUvL?zJt@le@BbOSr~@Bh[NvOn@x^r@b\\H~H?rIItJmAjq@u@fd@g@hv@i@t{@m@foAg@`kAQvTiApvAKhN_AfjAM|O?xNLpKf@v[v@|f@h@ja@HtQDz_ALtzBBlb@I`RKhKoCdmBOpW_@peBUlbA{AhwBQ~XGzEMpEo@xJs@zGiApHk@rCaGlVkHvYwBpIyd@rjBuOrn@wDrOoPrs@kMpj@kFdUsEdSy@|Dw@nEq@jEgAnJw@jJa@lIMrFI|H?`LNb`BXvtCVtk@\\tk@\\xi@j@|z@f@le@x@`v@d@jn@hAfjBp@riAnAtqBFvWGhr@W`nCW~_DGrGUpJM|CQpEyA`WqCpd@Y~FKtEGjKDfGNzEp@vS~AtZlBt`@~@vW\\~PHhILzy@BzRB`HLpGV`H^jG`@vEtAtLfBfMzIzp@fAfItAhK^lDpAvN`@jH`@|IT|IJrLCrGQjNObWc@z]C|Kg@tp@AxAi@|h@W`Me@hK{@nMw@~ImApKuApL]rDa@dGOnEExBIlUOnl@M|c@CnBA|GGzd@O`f@GpAOvAq@~Cw@rBq@jA{GrImCnD_AbB_@~@i@hB[dBQfBGvA?xJA|BEpMMfBMv@]pA_AnBuJtRWd@S`@@t@XVLBr@Q|DaAfAMzAIVGhE@hLD`BPn@Np@Rr@^jAn@fA|@rKtM~@fAxAfAdClA`Dn@jWfEpLjBl@RVTlEnGtCzEh@~@nD|FbBjCxE|H|CvF`BpCTn@Vp@Hj@B`ADrBHh@Tt@h@hArCxE|DlGvD~FjGbKzO`WjIpM`_@ll@zFfJjDvFRh@D^?dIE`IsAAgEG]A&path=color:0xff6600|enc:m`|eGpls`PvEFf@@x@@CfECxFAnEE|ECtFEhFEjX?`CAVl@@bA?b@AdDDlCArCE\\BLHFFLKHEJCJALEZ?bA@xBAzDA?fAZb@&path=color:0xff6600|enc:sszeGrxu`P[c@C`D?dEGzGG\\?n@Al@B|@Bd@Ah@B^CpDAvJIdQ?xKCpKa@?aCEcD@aLEcD?Bn@H`C[FSKU??t@&path=color:0xff6600|enc:us{eGrxx`P?u@T?RJZGMqDfI@`L@bDDDcOAgHDaEBwKDuOFs@?]?eDGq@@kBDiEF_VFmSD{Q`KYnAIlBGlBBlE@`@?tH?dBChC?pA@bAEf@GdA_@fAy@|HcGtDyCrCoBnDqC`IkGfCcB~@e@v@[dC{@|@StAWtAQpBMrKB|GAzF?xHIvPBnH@H?P@?a@w@?uA?{GAuDA&path=color:0xff6600|enc:epueGbwr`P}BA{A??`@?hEAhB?vCBxBr@@b@B^FTJh@VN@|QJ?yE?i@Fw@DkA@wA@_Dr@BpATn@PrAf@nAt@p@f@^`@p@bAb@dARr@`@nBXv@~@dF`@rCT~BR~CPfEDrDCpGWpQAz@G~EO|FMpMSbPM\\ARWpKIzFInAQ`ASp@Wt@ETGd@D\\Np@LrAHXA|@?~AIjHj@Nr@VZN\\FL@Al@OBAX&key=AIzaSyA6NGI-vgP4ZoGY6Yq909JFTMscKKH7XK8\"/>"
      ],
      "text/plain": [
       "<IPython.core.display.Image object>"
      ]
     },
     "execution_count": 18,
     "metadata": {},
     "output_type": "execute_result"
    }
   ],
   "source": [
    "img = 'https://maps.googleapis.com/maps/api/staticmap?size=140x220&maptype=terrain&zoom=12&center=43.057607, -89.409561&scale=2'\n",
